90 311 108 324 114 313 93 301 ship 0
199 309 217 323 223 312 202 296 ship 0
314 313 321 323 331 314 313 305 ship 0
275 240 279 247 286 239 276 234 ship 0
313 132 321 141 328 136 319 123 ship 0
333 83 342 91 352 84 338 75 ship 0
169 170 185 190 202 183 179 162 ship 0
262 130 267 145 273 140 265 126 ship 0
227 91 233 102 244 98 235 87 ship 0
268 34 275 44 281 35 269 29 ship 0
143 102 156 125 168 114 154 96 ship 0
113 219 132 236 139 220 117 207 ship 0
35 208 50 224 56 212 42 201 ship 0
65 124 64 136 55 135 56 124 ship 0
70 57 76 69 86 63 75 51 ship 0
114 30 119 50 134 45 125 26 ship 0
219 55 219 63 209 61 211 52 ship 0
