135 300 119 304 121 311 137 307 ship 0
96 269 111 274 112 267 96 263 ship 0
56 219 67 226 74 220 59 213 ship 0
64 185 80 191 82 183 68 180 ship 0
137 210 149 217 154 211 141 205 ship 0
202 219 214 226 218 221 206 214 ship 0
268 216 279 225 286 219 272 211 ship 0
168 156 178 164 184 158 173 151 ship 0
216 161 226 171 233 167 222 156 ship 0
252 131 261 144 269 138 258 127 ship 0
236 90 242 102 251 99 244 87 ship 0
191 60 193 67 199 68 196 57 ship 0
181 103 181 108 186 109 187 103 ship 0
218 45 220 53 228 52 223 42 ship 0
287 84 292 90 298 86 292 80 ship 0
308 107 311 114 318 111 313 105 ship 0
342 106 344 113 350 111 345 103 ship 0
356 77 356 82 364 81 362 76 ship 0
278 62 278 66 283 65 283 60 ship 0
314 45 314 52 321 51 321 45 ship 0
318 174 318 178 324 179 324 174 ship 0
342 270 350 273 353 267 343 267 ship 0
341 219 347 226 351 222 344 216 ship 0
126 15 106 28 103 14 123 8 ship 0
