127 148 137 153 139 147 128 144 ship 0
133 124 142 127 144 123 134 120 ship 0
182 143 191 147 193 142 184 139 ship 0
203 104 209 110 212 106 206 101 ship 0
211 69 214 74 217 71 213 67 ship 0
250 61 254 69 259 66 254 59 ship 0
285 55 287 59 291 57 288 54 ship 0
262 89 267 96 272 94 267 86 ship 0
236 108 245 115 248 111 239 106 ship 0
271 146 279 153 283 148 274 142 ship 0
227 148 234 153 237 148 227 144 ship 0
153 183 162 186 164 180 155 178 ship 0
172 205 182 203 183 208 172 211 ship 0
238 231 246 237 251 232 239 227 ship 0
237 29 238 36 245 34 241 27 ship 0
300 72 300 77 306 75 304 70 ship 0
322 71 323 75 327 73 324 69 ship 0
329 53 336 57 338 50 329 49 ship 0
301 30 301 34 307 34 306 30 ship 0
276 39 276 42 281 42 280 38 ship 0
219 38 220 45 225 43 222 37 ship 0
171 4 159 9 162 17 176 10 ship 0
322 184 331 184 331 178 322 178 ship 0
321 148 325 153 330 149 325 146 ship 0
304 116 306 121 311 119 309 115 ship 0
