66 276 80 288 87 281 70 268 ship 0
160 274 180 288 188 278 167 266 ship 0
268 277 277 288 285 282 273 273 ship 0
86 194 101 208 110 199 91 187 ship 0
14 184 28 198 35 190 18 179 ship 0
233 212 233 220 244 216 240 211 ship 0
138 149 149 168 163 163 150 142 ship 0
115 89 121 110 134 104 124 85 ship 0
31 109 35 120 47 116 40 108 ship 0
220 114 222 124 232 122 228 111 ship 0
267 114 273 125 283 120 271 107 ship 0
287 70 292 77 301 75 293 64 ship 0
189 76 194 89 203 87 197 71 ship 0
87 23 93 39 101 37 94 19 ship 0
46 46 50 57 60 54 52 38 ship 0
227 26 230 34 238 30 234 23 ship 0
174 45 174 53 181 53 181 44 ship 0
